-200.32649813 -506.63746602	-1729.06995375	-2589.69361443	-1729.06995375	-2589.69361443	-1729.06995375	-2589.69361443	-1729.06995375	-2589.69361443	-2589.69361443
-198.32307773 -558.635589411	-1313.11921868	-2582.81056808	-1313.11921868	-2582.81056808	-1313.11921868	-2582.81056808	-1313.11921868	-2582.81056808	-2582.81056808
-196.319660427 -796.747820522	-900.065757471	-2515.90308071	-900.065757471	-2515.90308071	-900.065757471	-2515.90308071	-900.065757471	-2515.90308071	-2515.90308071
-194.316246222 -1140.9216799	-511.487760116	-2393.6010443	-511.487760116	-2393.6010443	-511.487760116	-2393.6010443	-511.487760116	-2393.6010443	-2393.6010443
-192.312835117 -1524.6505309	-202.185541129	-2225.0575263	-202.185541129	-2225.0575263	-202.185541129	-2225.0575263	-202.185541129	-2225.0575263	-2225.0575263
-190.309427113 -1884.70041755	-48.2455866744	-2022.28730391	-48.2455866744	-2022.28730391	-48.2455866744	-2022.28730391	-48.2455866744	-2022.28730391	-2022.28730391
-188.306022211 -2193.88623406	22.9770141968	-1808.27524902	22.9770141968	-1808.27524902	22.9770141968	-1808.27524902	22.9770141968	-1808.27524902	-1808.27524902
-186.302620412 -2423.64127502	210.744241212	-1594.31843902	210.744241212	-1594.31843902	210.744241212	-1594.31843902	210.744241212	-1594.31843902	-1594.31843902
-184.299221718 -2593.73898098	182.292379457	-1378.63421402	182.292379457	-1378.63421402	182.292379457	-1378.63421402	182.292379457	-1378.63421402	-1378.63421402
-182.295826131 -2724.98487308	15.1717257222	-1150.17891417	15.1717257222	-1150.17891417	15.1717257222	-1150.17891417	15.1717257222	-1150.17891417	-1150.17891417
-180.292433651 -2828.54909152	-89.8935523447	-903.325982376	-89.8935523447	-903.325982376	-89.8935523447	-903.325982376	-89.8935523447	-903.325982376	-903.325982376
-178.28904428 -2906.22108251	-249.849654576	-646.034539747	-249.849654576	-646.034539747	-249.849654576	-646.034539747	-249.849654576	-646.034539747	-646.034539747
-176.285658019 -2968.80415393	-401.991181329	-406.127708651	-401.991181329	-406.127708651	-401.991181329	-406.127708651	-401.991181329	-406.127708651	-406.127708651
-174.28227487 -3050.84044652	-550.657316306	-233.861044771	-550.657316306	-233.861044771	-550.657316306	-233.861044771	-550.657316306	-233.861044771	-233.861044771
-172.278894834 -3118.24480607	-697.573159629	-192.311513989	-697.573159629	-192.311513989	-697.573159629	-192.311513989	-697.573159629	-192.311513989	-192.311513989
-170.275517912 -3158.51236281	-830.498720482	-267.824781121	-830.498720482	-267.824781121	-830.498720482	-267.824781121	-830.498720482	-267.824781121	-267.824781121
-168.272144105 -3206.25250193	-957.731411516	-384.59239329	-957.731411516	-384.59239329	-957.731411516	-384.59239329	-957.731411516	-384.59239329	-384.59239329
-166.268773416 -3291.38859922	-1084.96745494	-516.538862519	-1084.96745494	-516.538862519	-1084.96745494	-516.538862519	-1084.96745494	-516.538862519	-516.538862519
-164.265405844 -3397.83949697	-1226.03916071	-651.02999177	-1226.03916071	-651.02999177	-1226.03916071	-651.02999177	-1226.03916071	-651.02999177	-651.02999177
-162.262041392 -3447.43873581	-1379.88057665	-779.128016256	-1379.88057665	-779.128016256	-1379.88057665	-779.128016256	-1379.88057665	-779.128016256	-779.128016256
-160.258680061 -3477.24074126	-1535.82405925	-908.603442537	-1535.82405925	-908.603442537	-1535.82405925	-908.603442537	-1535.82405925	-908.603442537	-908.603442537
-158.255321853 -3533.8713527	-1683.12404272	-1037.48267373	-1683.12404272	-1037.48267373	-1683.12404272	-1037.48267373	-1683.12404272	-1037.48267373	-1037.48267373
-156.251966767 -3560.21871668	-1812.59538463	-1164.51130425	-1812.59538463	-1164.51130425	-1812.59538463	-1164.51130425	-1812.59538463	-1164.51130425	-1164.51130425
-154.248614807 -3576.2172899	-1923.52373166	-1278.38289896	-1923.52373166	-1278.38289896	-1923.52373166	-1278.38289896	-1923.52373166	-1278.38289896	-1278.38289896
-152.245265972 -3628.3330045	-2013.32347768	-1375.79127632	-2013.32347768	-1375.79127632	-2013.32347768	-1375.79127632	-2013.32347768	-1375.79127632	-1375.79127632
-150.241920265 -3683.66852784	-2082.30342691	-1470.41426734	-2082.30342691	-1470.41426734	-2082.30342691	-1470.41426734	-2082.30342691	-1470.41426734	-1470.41426734
-148.238577687 -3723.82202955	-2127.97266817	-1567.19839305	-2127.97266817	-1567.19839305	-2127.97266817	-1567.19839305	-2127.97266817	-1567.19839305	-1567.19839305
-146.235238239 -3753.77722178	-2156.29338081	-1672.65841341	-2156.29338081	-1672.65841341	-2156.29338081	-1672.65841341	-2156.29338081	-1672.65841341	-1672.65841341
-144.231901922 -3745.70242916	-2174.09357581	-1784.49582407	-2174.09357581	-1784.49582407	-2174.09357581	-1784.49582407	-2174.09357581	-1784.49582407	-1784.49582407
-142.228568738 -3724.21049326	-2192.44643416	-1891.42512575	-2192.44643416	-1891.42512575	-2192.44643416	-1891.42512575	-2192.44643416	-1891.42512575	-1891.42512575
-140.225238688 -3717.40767349	-2219.03969846	-1980.00123087	-2219.03969846	-1980.00123087	-2219.03969846	-1980.00123087	-2219.03969846	-1980.00123087	-1980.00123087
-138.221911774 -3766.25347684	-2257.54495615	-2041.23234489	-2257.54495615	-2041.23234489	-2257.54495615	-2041.23234489	-2257.54495615	-2041.23234489	-2041.23234489
-136.218587996 -3853.23988879	-2308.60140707	-2078.02300744	-2308.60140707	-2078.02300744	-2308.60140707	-2078.02300744	-2308.60140707	-2078.02300744	-2078.02300744
-134.215267355 -3947.75679776	-2368.32720361	-2099.23433168	-2368.32720361	-2099.23433168	-2368.32720361	-2099.23433168	-2368.32720361	-2099.23433168	-2099.23433168
-132.211949855 -4041.98640146	-2430.81514683	-2112.31564314	-2430.81514683	-2112.31564314	-2430.81514683	-2112.31564314	-2430.81514683	-2112.31564314	-2112.31564314
-130.208635494 -4142.73866384	-2491.83793733	-2121.1754261	-2491.83793733	-2121.1754261	-2491.83793733	-2121.1754261	-2491.83793733	-2121.1754261	-2121.1754261
-128.205324276 -4239.1745417	-2555.0302142	-2129.90498636	-2555.0302142	-2129.90498636	-2555.0302142	-2129.90498636	-2555.0302142	-2129.90498636	-2129.90498636
-126.2020162 -4323.24897477	-2619.0107199	-2141.56753491	-2619.0107199	-2141.56753491	-2619.0107199	-2141.56753491	-2619.0107199	-2141.56753491	-2141.56753491
-124.198711269 -4393.40996371	-2685.07565149	-2162.56383177	-2685.07565149	-2162.56383177	-2685.07565149	-2162.56383177	-2685.07565149	-2162.56383177	-2162.56383177
-122.195409484 -4447.0082874	-2743.66575189	-2195.68077907	-2743.66575189	-2195.68077907	-2743.66575189	-2195.68077907	-2743.66575189	-2195.68077907	-2195.68077907
-120.192110846 -4482.06923732	-2785.63400356	-2241.61839928	-2785.63400356	-2241.61839928	-2785.63400356	-2241.61839928	-2785.63400356	-2241.61839928	-2241.61839928
-118.188815357 -4496.38415719	-2809.38334007	-2300.11034171	-2809.38334007	-2300.11034171	-2809.38334007	-2300.11034171	-2809.38334007	-2300.11034171	-2300.11034171
-116.185523016 -4497.27972335	-2813.89454369	-2367.47556624	-2813.89454369	-2367.47556624	-2813.89454369	-2367.47556624	-2813.89454369	-2367.47556624	-2367.47556624
-114.182233827 -4491.89387743	-2804.02399751	-2439.18471126	-2804.02399751	-2439.18471126	-2804.02399751	-2439.18471126	-2804.02399751	-2439.18471126	-2439.18471126
-112.17894779 -4498.2097498	-2789.13681259	-2511.34673284	-2789.13681259	-2511.34673284	-2789.13681259	-2511.34673284	-2789.13681259	-2511.34673284	-2511.34673284
-110.175664907 -4510.56532105	-2778.99906619	-2576.54154977	-2778.99906619	-2576.54154977	-2778.99906619	-2576.54154977	-2778.99906619	-2576.54154977	-2576.54154977
-108.172385178 -4530.45024641	-2788.08833334	-2634.21353888	-2788.08833334	-2634.21353888	-2788.08833334	-2634.21353888	-2788.08833334	-2634.21353888	-2634.21353888
-106.169108606 -4538.95836071	-2818.50578659	-2685.4002039	-2818.50578659	-2685.4002039	-2818.50578659	-2685.4002039	-2818.50578659	-2685.4002039	-2685.4002039
-104.165835191 -4535.67111436	-2869.92393059	-2732.66170121	-2869.92393059	-2732.66170121	-2869.92393059	-2732.66170121	-2869.92393059	-2732.66170121	-2732.66170121
-102.162564934 -4515.31706399	-2925.57301423	-2786.03941483	-2925.57301423	-2786.03941483	-2925.57301423	-2786.03941483	-2925.57301423	-2786.03941483	-2786.03941483
-100.159297838 -4472.11837578	-2979.46456008	-2848.39141148	-2979.46456008	-2848.39141148	-2979.46456008	-2848.39141148	-2979.46456008	-2848.39141148	-2848.39141148
-98.1560339025 -4423.93406987	-3020.28755021	-2901.23666188	-3020.28755021	-2901.23666188	-3020.28755021	-2901.23666188	-3020.28755021	-2901.23666188	-2901.23666188
-96.1527731297 -4387.73516685	-3045.38528522	-2915.5841179	-3045.38528522	-2915.5841179	-3045.38528522	-2915.5841179	-3045.38528522	-2915.5841179	-2915.5841179
-94.1495155208 -4377.69041425	-3060.69909642	-2886.91376976	-3060.69909642	-2886.91376976	-3060.69909642	-2886.91376976	-3060.69909642	-2886.91376976	-2886.91376976
-92.146261077 -4406.08631869	-3073.17494404	-2872.85712142	-3073.17494404	-2872.85712142	-3073.17494404	-2872.85712142	-3073.17494404	-2872.85712142	-2872.85712142
-90.1430097995 -4476.1050944	-3088.46016947	-2881.08336996	-3088.46016947	-2881.08336996	-3088.46016947	-2881.08336996	-3088.46016947	-2881.08336996	-2881.08336996
-88.1397616897 -4585.69952276	-3110.40874683	-2904.14710188	-3110.40874683	-2904.14710188	-3110.40874683	-2904.14710188	-3110.40874683	-2904.14710188	-2904.14710188
-86.1365167488 -4728.91795276	-3143.1923872	-2931.04073941	-3143.1923872	-2931.04073941	-3143.1923872	-2931.04073941	-3143.1923872	-2931.04073941	-2931.04073941
-84.1332749782 -4899.15976616	-3186.60778219	-2961.51851824	-3186.60778219	-2961.51851824	-3186.60778219	-2961.51851824	-3186.60778219	-2961.51851824	-2961.51851824
-82.1300363789 -5082.09699419	-3241.46558	-3007.23463976	-3241.46558	-3007.23463976	-3241.46558	-3007.23463976	-3241.46558	-3007.23463976	-3007.23463976
-80.1268009525 -5266.37333569	-3308.04755859	-3075.15933924	-3308.04755859	-3075.15933924	-3308.04755859	-3075.15933924	-3308.04755859	-3075.15933924	-3075.15933924
-78.1235687 -5440.17146963	-3381.73332178	-3158.90312842	-3381.73332178	-3158.90312842	-3381.73332178	-3158.90312842	-3381.73332178	-3158.90312842	-3158.90312842
-76.1203396228 -5591.77352549	-3469.22155334	-3254.9636991	-3469.22155334	-3254.9636991	-3469.22155334	-3254.9636991	-3469.22155334	-3254.9636991	-3254.9636991
-74.1171137222 -5717.92710003	-3578.27700905	-3356.15159178	-3578.27700905	-3356.15159178	-3578.27700905	-3356.15159178	-3578.27700905	-3356.15159178	-3356.15159178
-72.1138909994 -5817.6952135	-3712.89854474	-3453.55332772	-3712.89854474	-3453.55332772	-3712.89854474	-3453.55332772	-3712.89854474	-3453.55332772	-3453.55332772
-70.1106714557 -5893.90232732	-3874.88056409	-3544.31923639	-3874.88056409	-3544.31923639	-3874.88056409	-3544.31923639	-3874.88056409	-3544.31923639	-3544.31923639
-68.1074550923 -5951.03070291	-4060.66961249	-3624.48059736	-4060.66961249	-3624.48059736	-4060.66961249	-3624.48059736	-4060.66961249	-3624.48059736	-3624.48059736
-66.1042419106 -5997.61214889	-4261.58141317	-3696.64667899	-4261.58141317	-3696.64667899	-4261.58141317	-3696.64667899	-4261.58141317	-3696.64667899	-3696.64667899
-64.1010319118 -6039.22082972	-4473.9330168	-3769.81701461	-4473.9330168	-3769.81701461	-4473.9330168	-3769.81701461	-4473.9330168	-3769.81701461	-3769.81701461
-62.0978250971 -6086.3396955	-4688.50607065	-3851.49802301	-4688.50607065	-3851.49802301	-4688.50607065	-3851.49802301	-4688.50607065	-3851.49802301	-3851.49802301
-60.0946214678 -6144.30361437	-4898.40943424	-3952.45092855	-4898.40943424	-3952.45092855	-4898.40943424	-3952.45092855	-4898.40943424	-3952.45092855	-3952.45092855
-58.0914210251 -6220.30928921	-5106.75427231	-4085.93922376	-5106.75427231	-4085.93922376	-5106.75427231	-4085.93922376	-5106.75427231	-4085.93922376	-4085.93922376
-56.0882237704 -6319.32524627	-5313.57621868	-4259.75559397	-5313.57621868	-4259.75559397	-5313.57621868	-4259.75559397	-5313.57621868	-4259.75559397	-4259.75559397
-54.0850297048 -6446.31134794	-5521.41431085	-4467.53280774	-5521.41431085	-4467.53280774	-5521.41431085	-4467.53280774	-5521.41431085	-4467.53280774	-4467.53280774
-52.0818388297 -6603.30368412	-5714.46375711	-4632.59158685	-5714.46375711	-4632.59158685	-5714.46375711	-4632.59158685	-5714.46375711	-4632.59158685	-4632.59158685
-50.0786511463 -6785.78362083	-5873.32298728	-4796.0605036	-5873.32298728	-4796.0605036	-5873.32298728	-4796.0605036	-5873.32298728	-4796.0605036	-4796.0605036
-48.0754666558 -6985.3093277	-6027.46596837	-4986.11087342	-6027.46596837	-4986.11087342	-6027.46596837	-4986.11087342	-6027.46596837	-4986.11087342	-4986.11087342
-46.0722853595 -7190.83951943	-6209.32222954	-5202.96764877	-6209.32222954	-5202.96764877	-6209.32222954	-5202.96764877	-6209.32222954	-5202.96764877	-5202.96764877
-44.0691072587 -7391.34691015	-6398.45286749	-5429.28102608	-6398.45286749	-5429.28102608	-6398.45286749	-5429.28102608	-6398.45286749	-5429.28102608	-5429.28102608
-42.0659323545 -7571.44031815	-6566.30383251	-5652.69060433	-6566.30383251	-5652.69060433	-6566.30383251	-5652.69060433	-6566.30383251	-5652.69060433	-5652.69060433
-40.0627606482 -7725.12384133	-6715.31717617	-5867.39095014	-6715.31717617	-5867.39095014	-6715.31717617	-5867.39095014	-6715.31717617	-5867.39095014	-5867.39095014
-38.0595921412 -7836.10031148	-6850.73500103	-6061.77502899	-6850.73500103	-6061.77502899	-6850.73500103	-6061.77502899	-6850.73500103	-6061.77502899	-6061.77502899
-36.0564268346 -7900.1890614	-6978.4444922	-6229.74266716	-6978.4444922	-6229.74266716	-6978.4444922	-6229.74266716	-6978.4444922	-6229.74266716	-6229.74266716
-34.0532647296 -7920.4862963	-7103.39104582	-6365.14580554	-7103.39104582	-6365.14580554	-7103.39104582	-6365.14580554	-7103.39104582	-6365.14580554	-6365.14580554
-32.0501058276 -7964.4959539	-7224.13329183	-6468.48795127	-7224.13329183	-6468.48795127	-7224.13329183	-6468.48795127	-7224.13329183	-6468.48795127	-6468.48795127
-30.0469501297 -8053.85489006	-7340.47200541	-6545.35115664	-7340.47200541	-6545.35115664	-7340.47200541	-6545.35115664	-7340.47200541	-6545.35115664	-6545.35115664
-28.0437976372 -8180.18465118	-7449.41460691	-6608.96639867	-7449.41460691	-6608.96639867	-7449.41460691	-6608.96639867	-7449.41460691	-6608.96639867	-6608.96639867
-26.0406483513 -8311.35760908	-7552.04088234	-6667.20121863	-7552.04088234	-6667.20121863	-7552.04088234	-6667.20121863	-7552.04088234	-6667.20121863	-6667.20121863
-24.0375022733 -8423.11358338	-7653.74761414	-6729.09533082	-7653.74761414	-6729.09533082	-7653.74761414	-6729.09533082	-7653.74761414	-6729.09533082	-6729.09533082
-22.0343594045 -8495.55320087	-7756.74886255	-6798.1034552	-7756.74886255	-6798.1034552	-7756.74886255	-6798.1034552	-7756.74886255	-6798.1034552	-6798.1034552
-20.0312197459 -8517.80886713	-7860.25726685	-6878.16541126	-7860.25726685	-6878.16541126	-7860.25726685	-6878.16541126	-7860.25726685	-6878.16541126	-6878.16541126
-18.0280832989 -8490.19623519	-7959.32669684	-6961.78728929	-7959.32669684	-6961.78728929	-7959.32669684	-6961.78728929	-7959.32669684	-6961.78728929	-6961.78728929
-16.0249500648 -8416.7581776	-8055.51075754	-7043.08589256	-8055.51075754	-7043.08589256	-8055.51075754	-7043.08589256	-8055.51075754	-7043.08589256	-7043.08589256
-14.0218200447 -8308.63002041	-8149.77407494	-7117.25594363	-8149.77407494	-7117.25594363	-8149.77407494	-7117.25594363	-8149.77407494	-7117.25594363	-7117.25594363
-12.0186932398 -8178.08498885	-8246.87902248	-7177.85785772	-8246.87902248	-7177.85785772	-8246.87902248	-7177.85785772	-8246.87902248	-7177.85785772	-7177.85785772
-10.0155696514 -8037.12114715	-8354.18989439	-7222.60266833	-8354.18989439	-7222.60266833	-8354.18989439	-7222.60266833	-8354.18989439	-7222.60266833	-7222.60266833
-8.01244928081 -7893.9808256	-8475.76703756	-7250.30252665	-8475.76703756	-7250.30252665	-8475.76703756	-7250.30252665	-8475.76703756	-7250.30252665	-7250.30252665
-6.00933212912 -7748.20263828	-8541.73037965	-7264.1952718	-8541.73037965	-7264.1952718	-8541.73037965	-7264.1952718	-8541.73037965	-7264.1952718	-7264.1952718
-4.00621819761 -7588.49765498	-8414.34305648	-7262.92874288	-8414.34305648	-7262.92874288	-8414.34305648	-7262.92874288	-8414.34305648	-7262.92874288	-7262.92874288
-2.0031074875 -7413.94303981	-8128.96559986	-7243.404665	-8128.96559986	-7243.404665	-8128.96559986	-7243.404665	-8128.96559986	-7243.404665	-7243.404665
0 -7270	-7815.6256757	-7203.93246316	-7815.6256757	-7203.93246316	-7815.6256757	-7203.93246316	-7815.6256757	-7203.93246316	-7203.93246316
2.00310426366 -7133.78067859	-7545.83394351	-7139.01342368	-7545.83394351	-7139.01342368	-7545.83394351	-7139.01342368	-7545.83394351	-7139.01342368	-7139.01342368
4.00620530225 -6998.98633235	-7317.23931974	-7045.01388884	-7317.23931974	-7045.01388884	-7317.23931974	-7045.01388884	-7317.23931974	-7045.01388884	-7045.01388884
6.00930311457 -6880.80056301	-7125.58455894	-6919.90316922	-7125.58455894	-6919.90316922	-7125.58455894	-6919.90316922	-7125.58455894	-6919.90316922	-6919.90316922
8.01239769939 -6784.03257798	-6962.46184295	-6770.49669697	-6962.46184295	-6770.49669697	-6962.46184295	-6770.49669697	-6962.46184295	-6770.49669697	-6770.49669697
10.0154890555 -6706.63528104	-6829.55837566	-6605.07819623	-6829.55837566	-6605.07819623	-6829.55837566	-6605.07819623	-6829.55837566	-6605.07819623	-6605.07819623
12.0185771817 -6643.72971787	-6721.73163722	-6433.40503612	-6721.73163722	-6433.40503612	-6721.73163722	-6433.40503612	-6721.73163722	-6433.40503612	-6433.40503612
14.0216620768 -6587.48093999	-6631.40020526	-6266.16205985	-6631.40020526	-6266.16205985	-6631.40020526	-6266.16205985	-6631.40020526	-6266.16205985	-6266.16205985
16.0247437395 -6526.47312446	-6552.85664318	-6123.92290927	-6552.85664318	-6123.92290927	-6552.85664318	-6123.92290927	-6552.85664318	-6123.92290927	-6123.92290927
18.0278221686 -6454.53640462	-6482.2632755	-6022.43999582	-6482.2632755	-6022.43999582	-6482.2632755	-6022.43999582	-6482.2632755	-6022.43999582	-6022.43999582
20.030897363 -6369.72034232	-6411.64478171	-5943.89301169	-6411.64478171	-5943.89301169	-6411.64478171	-5943.89301169	-6411.64478171	-5943.89301169	-5943.89301169
22.0339693214 -6277.28335108	-6336.20775146	-5876.9455414	-6336.20775146	-5876.9455414	-6336.20775146	-5876.9455414	-6336.20775146	-5876.9455414	-5876.9455414
24.0370380426 -6188.41306722	-6256.82501361	-5822.51646772	-6256.82501361	-5822.51646772	-6256.82501361	-5822.51646772	-6256.82501361	-5822.51646772	-5822.51646772
26.0401035254 -6120.02042746	-6178.36705233	-5775.73699903	-6178.36705233	-5775.73699903	-6178.36705233	-5775.73699903	-6178.36705233	-5775.73699903	-5775.73699903
28.0431657686 -6063.66495873	-6109.48705659	-5731.52174994	-6109.48705659	-5731.52174994	-6109.48705659	-5731.52174994	-6109.48705659	-5731.52174994	-5731.52174994
30.0462247711 -5982.56829563	-6045.66926365	-5688.68465886	-6045.66926365	-5688.68465886	-6045.66926365	-5688.68465886	-6045.66926365	-5688.68465886	-5688.68465886
32.0492805315 -5784.28390319	-5971.36376154	-5644.93269786	-5971.36376154	-5644.93269786	-5971.36376154	-5644.93269786	-5971.36376154	-5644.93269786	-5644.93269786
34.0523330488 -5605.56505201	-5872.49767218	-5600.47923364	-5872.49767218	-5600.47923364	-5872.49767218	-5600.47923364	-5872.49767218	-5600.47923364	-5600.47923364
36.0553823216 -5516.55943657	-5764.24057415	-5556.02792337	-5764.24057415	-5556.02792337	-5764.24057415	-5556.02792337	-5764.24057415	-5556.02792337	-5556.02792337
38.0584283489 -5454.83705066	-5652.01424442	-5512.78268598	-5652.01424442	-5512.78268598	-5652.01424442	-5512.78268598	-5652.01424442	-5512.78268598	-5512.78268598
40.0614711293 -5407.67893888	-5536.15042578	-5471.0997779	-5536.15042578	-5471.0997779	-5536.15042578	-5471.0997779	-5536.15042578	-5471.0997779	-5471.0997779
42.0645106618 -5377.56105532	-5436.03594302	-5426.5448899	-5436.03594302	-5426.5448899	-5436.03594302	-5426.5448899	-5436.03594302	-5426.5448899	-5426.5448899
44.0675469451 -5360.4330793	-5365.8361416	-5380.96941066	-5365.8361416	-5380.96941066	-5365.8361416	-5380.96941066	-5365.8361416	-5380.96941066	-5380.96941066
46.070579978 -5352.44620041	-5330.19369013	-5351.23645568	-5330.19369013	-5351.23645568	-5330.19369013	-5351.23645568	-5330.19369013	-5351.23645568	-5351.23645568
48.0736097594 -5343.74963073	-5310.85736337	-5307.24336811	-5310.85736337	-5307.24336811	-5310.85736337	-5307.24336811	-5310.85736337	-5307.24336811	-5307.24336811
50.076636288 -5328.86342227	-5280.56746036	-5232.22631734	-5280.56746036	-5232.22631734	-5280.56746036	-5232.22631734	-5280.56746036	-5232.22631734	-5232.22631734
52.0796595627 -5303.45843194	-5230.43287956	-5161.52285337	-5230.43287956	-5161.52285337	-5230.43287956	-5161.52285337	-5230.43287956	-5161.52285337	-5161.52285337
54.0826795822 -5266.61119693	-5178.6529196	-5104.8484552	-5178.6529196	-5104.8484552	-5178.6529196	-5104.8484552	-5178.6529196	-5104.8484552	-5104.8484552
56.0856963454 -5220.52010274	-5124.97888058	-5066.39596031	-5124.97888058	-5066.39596031	-5124.97888058	-5066.39596031	-5124.97888058	-5066.39596031	-5066.39596031
58.0887098512 -5180.80998303	-5071.54788019	-5046.65038995	-5071.54788019	-5046.65038995	-5071.54788019	-5046.65038995	-5071.54788019	-5046.65038995	-5046.65038995
60.0917200982 -5158.84959247	-5033.20682253	-5043.88085173	-5033.20682253	-5043.88085173	-5033.20682253	-5043.88085173	-5033.20682253	-5043.88085173	-5043.88085173
62.0947270854 -5136.50846054	-5017.94611645	-5052.46913784	-5017.94611645	-5052.46913784	-5017.94611645	-5052.46913784	-5017.94611645	-5052.46913784	-5052.46913784
64.0977308115 -5115.18777613	-5023.1208875	-5070.19837329	-5023.1208875	-5070.19837329	-5023.1208875	-5070.19837329	-5023.1208875	-5070.19837329	-5070.19837329
66.1007312754 -5097.49179699	-5043.0725977	-5092.96664096	-5043.0725977	-5092.96664096	-5043.0725977	-5092.96664096	-5043.0725977	-5092.96664096	-5092.96664096
68.1037284759 -5083.60099254	-5066.57126715	-5109.69192644	-5066.57126715	-5109.69192644	-5066.57126715	-5109.69192644	-5066.57126715	-5109.69192644	-5109.69192644
70.1067224119 -5064.54735872	-5085.25194835	-5118.50899187	-5085.25194835	-5118.50899187	-5085.25194835	-5118.50899187	-5085.25194835	-5118.50899187	-5118.50899187
72.109713082 -5048.47160041	-5092.09510013	-5111.98733086	-5092.09510013	-5111.98733086	-5092.09510013	-5111.98733086	-5092.09510013	-5111.98733086	-5111.98733086
74.1127004853 -5039.18490056	-5080.20368491	-5097.54346796	-5080.20368491	-5097.54346796	-5080.20368491	-5097.54346796	-5080.20368491	-5097.54346796	-5097.54346796
76.1156846204 -5037.63150612	-5050.149716	-5079.79623512	-5050.149716	-5079.79623512	-5050.149716	-5079.79623512	-5050.149716	-5079.79623512	-5079.79623512
78.1186654863 -5039.56274079	-4997.43836669	-5058.79132633	-4997.43836669	-5058.79132633	-4997.43836669	-5058.79132633	-4997.43836669	-5058.79132633	-5058.79132633
80.1216430817 -5046.93295017	-4971.76974488	-5034.16715223	-4971.76974488	-5034.16715223	-4971.76974488	-5034.16715223	-4971.76974488	-5034.16715223	-5034.16715223
82.1246174055 -5058.9668042	-4970.03493955	-5005.60578366	-4970.03493955	-5005.60578366	-4970.03493955	-5005.60578366	-4970.03493955	-5005.60578366	-5005.60578366
84.1275884565 -5076.52481653	-4968.19759501	-4973.40966284	-4968.19759501	-4973.40966284	-4968.19759501	-4973.40966284	-4968.19759501	-4973.40966284	-4973.40966284
86.1305562336 -5104.92327858	-4951.71825488	-4936.95750137	-4951.71825488	-4936.95750137	-4951.71825488	-4936.95750137	-4951.71825488	-4936.95750137	-4936.95750137
88.1335207356 -5138.07981474	-4922.52818555	-4898.41895811	-4922.52818555	-4898.41895811	-4922.52818555	-4898.41895811	-4922.52818555	-4898.41895811	-4898.41895811
90.1364819612 -5166.28137664	-4880.20872513	-4858.26174928	-4880.20872513	-4858.26174928	-4880.20872513	-4858.26174928	-4880.20872513	-4858.26174928	-4858.26174928
92.1394399095 -5185.60667117	-4829.3166889	-4821.01151989	-4829.3166889	-4821.01151989	-4829.3166889	-4821.01151989	-4829.3166889	-4821.01151989	-4821.01151989
94.1423945791 -5193.87769529	-4777.85126137	-4801.50633711	-4777.85126137	-4801.50633711	-4777.85126137	-4801.50633711	-4777.85126137	-4801.50633711	-4801.50633711
96.145345969 -5187.56121813	-4734.8584563	-4807.82824281	-4734.8584563	-4807.82824281	-4734.8584563	-4807.82824281	-4734.8584563	-4807.82824281	-4807.82824281
98.1482940779 -5172.36922433	-4706.94988654	-4839.93577874	-4706.94988654	-4839.93577874	-4706.94988654	-4839.93577874	-4706.94988654	-4839.93577874	-4839.93577874
100.151238905 -5148.94109225	-4697.76380965	-4876.8637755	-4697.76380965	-4876.8637755	-4697.76380965	-4876.8637755	-4697.76380965	-4876.8637755	-4876.8637755
102.154180448 -5117.75070298	-4706.88577046	-4890.58251506	-4706.88577046	-4890.58251506	-4706.88577046	-4890.58251506	-4706.88577046	-4890.58251506	-4890.58251506
104.157118708 -5077.49288302	-4731.3673305	-4884.50667953	-4731.3673305	-4884.50667953	-4731.3673305	-4884.50667953	-4731.3673305	-4884.50667953	-4884.50667953
106.160053681 -5023.20651952	-4764.52831972	-4876.02793898	-4764.52831972	-4876.02793898	-4764.52831972	-4876.02793898	-4764.52831972	-4876.02793898	-4876.02793898
108.162985368 -4967.56973124	-4800.17943753	-4854.00370947	-4800.17943753	-4854.00370947	-4800.17943753	-4854.00370947	-4800.17943753	-4854.00370947	-4854.00370947
110.165913768 -4918.78775979	-4835.45633959	-4824.51717449	-4835.45633959	-4824.51717449	-4835.45633959	-4824.51717449	-4835.45633959	-4824.51717449	-4824.51717449
112.168838878 -4885.4901454	-4867.45949383	-4799.88340403	-4867.45949383	-4799.88340403	-4867.45949383	-4799.88340403	-4867.45949383	-4799.88340403	-4799.88340403
114.171760698 -4867.57936142	-4896.90848868	-4782.92456041	-4896.90848868	-4782.92456041	-4896.90848868	-4782.92456041	-4896.90848868	-4782.92456041	-4782.92456041
116.174679227 -4861.54043098	-4922.37297443	-4776.12070694	-4922.37297443	-4776.12070694	-4922.37297443	-4776.12070694	-4922.37297443	-4776.12070694	-4776.12070694
118.177594463 -4864.35847981	-4940.02945801	-4774.39472587	-4940.02945801	-4774.39472587	-4940.02945801	-4774.39472587	-4940.02945801	-4774.39472587	-4774.39472587
120.180506406 -4869.20767443	-4944.19554049	-4772.07444686	-4944.19554049	-4772.07444686	-4944.19554049	-4772.07444686	-4944.19554049	-4772.07444686	-4772.07444686
122.183415054 -4873.08939909	-4934.56797729	-4763.58911217	-4934.56797729	-4763.58911217	-4934.56797729	-4763.58911217	-4934.56797729	-4763.58911217	-4763.58911217
124.186320406 -4874.13106708	-4927.33762645	-4749.77138109	-4927.33762645	-4749.77138109	-4927.33762645	-4749.77138109	-4927.33762645	-4749.77138109	-4749.77138109
126.189222461 -4873.80748937	-4937.98542578	-4735.53119948	-4937.98542578	-4735.53119948	-4937.98542578	-4735.53119948	-4937.98542578	-4735.53119948	-4735.53119948
128.192121218 -4873.23735988	-4953.6890547	-4727.21984949	-4953.6890547	-4727.21984949	-4953.6890547	-4727.21984949	-4953.6890547	-4727.21984949	-4727.21984949
130.195016675 -4871.9999979	-4958.65165761	-4726.49548325	-4958.65165761	-4726.49548325	-4958.65165761	-4726.49548325	-4958.65165761	-4726.49548325	-4726.49548325
132.197908833 -4865.74277724	-4957.09411287	-4727.71794136	-4957.09411287	-4727.71794136	-4957.09411287	-4727.71794136	-4957.09411287	-4727.71794136	-4727.71794136
134.200797688 -4849.69661078	-4954.88333862	-4729.00775446	-4954.88333862	-4729.00775446	-4954.88333862	-4729.00775446	-4954.88333862	-4729.00775446	-4729.00775446
136.203683241 -4817.24623581	-4950.89319365	-4734.44301625	-4950.89319365	-4734.44301625	-4950.89319365	-4734.44301625	-4950.89319365	-4734.44301625	-4734.44301625
138.206565491 -4781.14008771	-4946.88540592	-4738.63924673	-4946.88540592	-4738.63924673	-4946.88540592	-4738.63924673	-4946.88540592	-4738.63924673	-4738.63924673
140.209444435 -4744.77724014	-4939.63917659	-4738.9076334	-4939.63917659	-4738.9076334	-4939.63917659	-4738.9076334	-4939.63917659	-4738.9076334	-4738.9076334
142.212320073 -4699.3571865	-4918.87826299	-4732.75259556	-4918.87826299	-4732.75259556	-4918.87826299	-4732.75259556	-4918.87826299	-4732.75259556	-4732.75259556
144.215192404 -4711.99535034	-4895.67106524	-4719.23944178	-4895.67106524	-4719.23944178	-4895.67106524	-4719.23944178	-4895.67106524	-4719.23944178	-4719.23944178
146.218061427 -4791.41354222	-4883.40937358	-4697.29729675	-4883.40937358	-4697.29729675	-4883.40937358	-4697.29729675	-4883.40937358	-4697.29729675	-4697.29729675
148.22092714 -4847.68780036	-4890.67830504	-4673.92872413	-4890.67830504	-4673.92872413	-4890.67830504	-4673.92872413	-4890.67830504	-4673.92872413	-4673.92872413
150.223789542 -4869.27332832	-4913.6465326	-4651.25598869	-4913.6465326	-4651.25598869	-4913.6465326	-4651.25598869	-4913.6465326	-4651.25598869	-4651.25598869
152.226648633 -4878.93154322	-4940.76978514	-4633.48940195	-4940.76978514	-4633.48940195	-4940.76978514	-4633.48940195	-4940.76978514	-4633.48940195	-4633.48940195
154.229504411 -4906.26973209	-4957.80881317	-4623.87235728	-4957.80881317	-4623.87235728	-4957.80881317	-4623.87235728	-4957.80881317	-4623.87235728	-4623.87235728
156.232356875 -4940.32908911	-4945.40261797	-4620.21405238	-4945.40261797	-4620.21405238	-4945.40261797	-4620.21405238	-4945.40261797	-4620.21405238	-4620.21405238
158.235206024 -5021.22264748	-4900.81052529	-4619.71445198	-4900.81052529	-4619.71445198	-4900.81052529	-4619.71445198	-4900.81052529	-4619.71445198	-4619.71445198
160.238051857 -5128.91062087	-4850.71056838	-4616.87682473	-4850.71056838	-4616.87682473	-4850.71056838	-4616.87682473	-4850.71056838	-4616.87682473	-4616.87682473
162.240894373 -5175.12320339	-4823.6754309	-4609.64304806	-4823.6754309	-4609.64304806	-4823.6754309	-4609.64304806	-4823.6754309	-4609.64304806	-4609.64304806
164.24373357 -5161.14338739	-4831.462576	-4597.04471613	-4831.462576	-4597.04471613	-4831.462576	-4597.04471613	-4831.462576	-4597.04471613	-4597.04471613
166.246569447 -5143.21266833	-4877.98440801	-4589.20141129	-4877.98440801	-4589.20141129	-4877.98440801	-4589.20141129	-4877.98440801	-4589.20141129	-4589.20141129
168.249402004 -5134.57752757	-4899.04706098	-4599.44297424	-4899.04706098	-4599.44297424	-4899.04706098	-4599.44297424	-4899.04706098	-4599.44297424	-4599.44297424
170.252231239 -5124.10807393	-4900.92885966	-4635.01207969	-4900.92885966	-4635.01207969	-4900.92885966	-4635.01207969	-4900.92885966	-4635.01207969	-4635.01207969
172.255057151 -5114.75332358	-4924.84865451	-4694.59910756	-4924.84865451	-4694.59910756	-4924.84865451	-4694.59910756	-4924.84865451	-4694.59910756	-4694.59910756
174.25787974 -5126.06473991	-4921.85197402	-4772.50846078	-4921.85197402	-4772.50846078	-4921.85197402	-4772.50846078	-4921.85197402	-4772.50846078	-4772.50846078
176.260699003 -5153.89493447	-4880.93374743	-4846.82036215	-4880.93374743	-4846.82036215	-4880.93374743	-4846.82036215	-4880.93374743	-4846.82036215	-4846.82036215
178.26351494 -5168.6796256	-4865.86393989	-4905.77471004	-4865.86393989	-4905.77471004	-4865.86393989	-4905.77471004	-4865.86393989	-4905.77471004	-4905.77471004
180.266327549 -5152.37113486	-4837.4411852	-4956.886726	-4837.4411852	-4956.886726	-4837.4411852	-4956.886726	-4837.4411852	-4956.886726	-4956.886726
182.269136831 -5122.35286812	-4793.55937526	-5010.57329249	-4793.55937526	-5010.57329249	-4793.55937526	-5010.57329249	-4793.55937526	-5010.57329249	-5010.57329249
184.271942782 -5101.63840989	-4852.63886836	-5071.78753744	-4852.63886836	-5071.78753744	-4852.63886836	-5071.78753744	-4852.63886836	-5071.78753744	-5071.78753744
186.274745403 -5138.26081305	-4907.54055642	-5139.4553963	-4907.54055642	-5139.4553963	-4907.54055642	-5139.4553963	-4907.54055642	-5139.4553963	-5139.4553963
188.277544693 -5231.26507816	-4878.85317399	-5210.14160562	-4878.85317399	-5210.14160562	-4878.85317399	-5210.14160562	-4878.85317399	-5210.14160562	-5210.14160562
190.280340649 -5276.98204054	-4858.39889205	-5287.74941347	-4858.39889205	-5287.74941347	-4858.39889205	-5287.74941347	-4858.39889205	-5287.74941347	-5287.74941347
192.283133272 -5294.92822082	-4888.28517168	-5380.37471754	-4888.28517168	-5380.37471754	-4888.28517168	-5380.37471754	-4888.28517168	-5380.37471754	-5380.37471754
194.28592256 -5293.67278882	-4884.18423985	-5502.6016947	-4884.18423985	-5502.6016947	-4884.18423985	-5502.6016947	-4884.18423985	-5502.6016947	-5502.6016947
196.288708511 -5291.52865773	-4885.73343846	-5673.7796278	-4885.73343846	-5673.7796278	-4885.73343846	-5673.7796278	-4885.73343846	-5673.7796278	-5673.7796278
198.291491126 -5294.59115718	-4980.97742533	-5911.50064481	-4980.97742533	-5911.50064481	-4980.97742533	-5911.50064481	-4980.97742533	-5911.50064481	-5911.50064481
200.294270402 -5294.18738011	-5031.09121796	-6264.38963349	-5031.09121796	-6264.38963349	-5031.09121796	-6264.38963349	-5031.09121796	-6264.38963349	-6264.38963349
